3
0
10 9 13 17 3 13 3 6 13 10 . 8 12 8
2 10 10 . 17 6 7 5 2 3 7 3 16 11
12 . 1 14 7 . 9 16 9 17 . 16 6 .
4 5 7 4 . 6 7 8 11 13 . . 5 11
12 6 . 15 . . 1 10 3 5 1 . . 16
8 1 6 . 16 . . 15 . 8 5 . 15 9
10 6 . . . . 10 4 4 . 7 2 . 12
17 1 . 16 9 10 17 14 . 16 6 . 8 16
13 8 17 16 6 5 . . . 10 13 .
4 13 5 8 16 . 10 . 9 7 . 17 9 .
1 15 15 13 . 16 13 16 . . . 6 . .
. . 9 . 4 10 1 5 11 . 5 3 9 .
11 14 . . 8 8 14 12 . 10 12 15 13 3
15 8 16 7 8 5 4 . 17 13. . .
0
3 4
. 2 1 5 1
2 . 3 2 4
1 1 . 1 2
2 1 1 . .
0
10 12
1 2 . 1 3 2 . . 1 2 1 3 17
2 . 1 2 2 1 3 . . 1 2 1 15
. 3 1 1 2 2 1 2 . 3 1 2 18
2 1 . 2 1 2 . 3 1 1 2 2 17
. 2 1 3 2 1 2 1 . 3 1 2 18
3 1 2 1 . 2 1 2 3 1 2 . 18
1 3 . 2 1 1 2 2 1 . 3 2 18
17 16 14 15 14 15 14 12 14 15 18 14 .